-60.000000 0.404855
-59.000000 0.454161
-58.000000 0.540937
-57.000000 0.683897
-56.000000 0.728382
-55.000000 0.814999
-54.000000 0.778671
-53.000000 0.839316
-52.000000 0.852444
-51.000000 0.850274
-50.000000 0.935235
-49.000000 0.924857
-48.000000 0.952079
-47.000000 0.931844
-46.000000 0.946024
-45.000000 0.986239
-44.000000 0.918703
-43.000000 1.012888
-42.000000 0.958697
-41.000000 1.092737
-40.000000 1.129015
-39.000000 1.201158
-38.000000 1.217913
-37.000000 1.265199
-36.000000 1.216049
-35.000000 1.283719
-34.000000 1.289774
-33.000000 1.302791
-32.000000 1.253768
-31.000000 1.383307
-30.000000 1.453548
-29.000000 1.482891
-28.000000 1.522805
-27.000000 1.534993
-26.000000 1.562065
-25.000000 1.602520
-24.000000 1.685183
-23.000000 1.705522
-22.000000 1.698961
-21.000000 1.678839
-20.000000 1.667390
-19.000000 1.679720
-18.000000 1.749013
-17.000000 1.738229
-16.000000 1.744742
-15.000000 1.776574
-14.000000 1.792904
-13.000000 1.768277
-12.000000 1.772773
-11.000000 1.676974
-10.000000 1.717315
-9.000000 1.671497
-8.000000 1.646479
-7.000000 1.626347
-6.000000 1.638604
-5.000000 1.705260
-4.000000 1.726448
-3.000000 1.640487
-2.000000 1.667025
-1.000000 1.743736
0.000000 2.197676
1.000000 2.300030
2.000000 2.333595
3.000000 2.389083
4.000000 2.401329
5.000000 2.363368
6.000000 2.296117
7.000000 2.272794
8.000000 2.330602
9.000000 2.317519
10.000000 2.306537
11.000000 2.363408
12.000000 2.356611
13.000000 2.362295
14.000000 2.341588
15.000000 2.361463
16.000000 2.371226
17.000000 2.363923
18.000000 2.419230
19.000000 2.409795
20.000000 2.426772
21.000000 2.451874
22.000000 2.484504
23.000000 2.555156
24.000000 2.587409
25.000000 2.616702
26.000000 2.641481
27.000000 2.677717
28.000000 2.647133
29.000000 2.669669
30.000000 2.770083
31.000000 2.736818
32.000000 2.764773
33.000000 2.773146
34.000000 2.867254
35.000000 2.843801
36.000000 2.935230
37.000000 2.965596
38.000000 2.991153
39.000000 3.006997
40.000000 3.105529
41.000000 3.090190
42.000000 3.108145
43.000000 3.050998
44.000000 3.019125
45.000000 3.063237
46.000000 3.032610
47.000000 2.984774
48.000000 2.961512
49.000000 2.930077
50.000000 2.939416
51.000000 2.926632
52.000000 2.895754
53.000000 2.933387
54.000000 2.966022
55.000000 2.990092
56.000000 3.015916
57.000000 3.048287
58.000000 3.101583
59.000000 3.101391
