-60.000000 0.407072
-59.000000 0.504537
-58.000000 0.603111
-57.000000 0.642378
-56.000000 0.642600
-55.000000 0.662967
-54.000000 0.644684
-53.000000 0.695280
-52.000000 0.780115
-51.000000 0.802702
-50.000000 0.904215
-49.000000 0.949378
-48.000000 0.955842
-47.000000 1.045948
-46.000000 1.043732
-45.000000 1.117738
-44.000000 1.160731
-43.000000 1.132895
-42.000000 1.104371
-41.000000 1.090785
-40.000000 1.123169
-39.000000 1.189784
-38.000000 1.251812
-37.000000 1.232374
-36.000000 1.235181
-35.000000 1.247788
-34.000000 1.249776
-33.000000 1.278727
-32.000000 1.255845
-31.000000 1.301055
-30.000000 1.263384
-29.000000 1.310165
-28.000000 1.267525
-27.000000 1.238220
-26.000000 1.239870
-25.000000 1.244435
-24.000000 1.269515
-23.000000 1.313955
-22.000000 1.314716
-21.000000 1.354184
-20.000000 1.416580
-19.000000 1.375733
-18.000000 1.372897
-17.000000 1.346663
-16.000000 1.357327
-15.000000 1.313986
-14.000000 1.336162
-13.000000 1.310383
-12.000000 1.381342
-11.000000 1.398144
-10.000000 1.419359
-9.000000 1.431585
-8.000000 1.386723
-7.000000 1.353280
-6.000000 1.321491
-5.000000 1.334439
-4.000000 1.275143
-3.000000 1.327442
-2.000000 1.323364
-1.000000 1.531779
0.000000 2.100968
1.000000 1.936740
2.000000 1.985068
3.000000 1.964063
4.000000 1.904931
5.000000 1.871600
6.000000 1.841813
7.000000 1.926401
8.000000 1.906545
9.000000 1.909283
10.000000 1.941644
11.000000 1.938797
12.000000 1.924422
13.000000 1.938164
14.000000 1.919515
15.000000 1.964567
16.000000 1.994008
17.000000 1.970506
18.000000 1.979882
19.000000 2.034799
20.000000 2.057972
21.000000 2.162197
22.000000 2.212799
23.000000 2.166229
24.000000 2.215250
25.000000 2.207164
26.000000 2.283416
27.000000 2.338655
28.000000 2.377589
29.000000 2.347267
30.000000 2.330598
31.000000 2.306003
32.000000 2.315519
33.000000 2.335771
34.000000 2.387769
35.000000 2.343429
36.000000 2.377950
37.000000 2.380708
38.000000 2.408278
39.000000 2.408534
40.000000 2.402836
41.000000 2.406385
42.000000 2.352201
43.000000 2.356887
44.000000 2.425148
45.000000 2.516772
46.000000 2.488131
47.000000 2.554907
48.000000 2.599708
49.000000 2.647199
50.000000 2.652178
51.000000 2.576466
52.000000 2.529084
53.000000 2.596998
54.000000 2.576913
55.000000 2.627540
56.000000 2.637906
57.000000 2.688928
58.000000 2.745716
59.000000 2.678590
