-60.000000 0.359376
-59.000000 0.527316
-58.000000 0.630312
-57.000000 0.847619
-56.000000 1.000233
-55.000000 0.988941
-54.000000 1.027803
-53.000000 1.033368
-52.000000 1.036203
-51.000000 1.026983
-50.000000 1.102725
-49.000000 1.043954
-48.000000 0.925808
-47.000000 0.888530
-46.000000 0.918677
-45.000000 1.032244
-44.000000 1.000841
-43.000000 1.116885
-42.000000 1.147567
-41.000000 1.202396
-40.000000 1.183209
-39.000000 1.217551
-38.000000 1.153943
-37.000000 1.234061
-36.000000 1.234690
-35.000000 1.361401
-34.000000 1.454841
-33.000000 1.504048
-32.000000 1.643660
-31.000000 1.641828
-30.000000 1.634844
-29.000000 1.701088
-28.000000 1.623775
-27.000000 1.708431
-26.000000 1.735990
-25.000000 1.825334
-24.000000 1.860652
-23.000000 1.821126
-22.000000 1.828933
-21.000000 1.830588
-20.000000 1.894803
-19.000000 1.910935
-18.000000 1.936409
-17.000000 1.949559
-16.000000 1.822952
-15.000000 1.885963
-14.000000 1.930132
-13.000000 1.908859
-12.000000 1.887677
-11.000000 1.865719
-10.000000 1.940735
-9.000000 1.915934
-8.000000 1.946665
-7.000000 1.964904
-6.000000 1.945476
-5.000000 1.989865
-4.000000 2.068890
-3.000000 2.094604
-2.000000 2.147363
-1.000000 2.081941
0.000000 2.173019
1.000000 2.287785
2.000000 2.316294
3.000000 2.288088
4.000000 2.264956
5.000000 2.309837
6.000000 2.277039
7.000000 2.221416
8.000000 2.170643
9.000000 2.211141
10.000000 2.203705
11.000000 2.191449
12.000000 2.248425
13.000000 2.258584
14.000000 2.252867
15.000000 2.314831
16.000000 2.321321
17.000000 2.311948
18.000000 2.312022
19.000000 2.336926
20.000000 2.427535
21.000000 2.402726
22.000000 2.426558
23.000000 2.492816
24.000000 2.492418
25.000000 2.444453
26.000000 2.368552
27.000000 2.352727
28.000000 2.348453
29.000000 2.398502
30.000000 2.353617
31.000000 2.263042
32.000000 2.249211
33.000000 2.242947
34.000000 2.338365
35.000000 2.411233
36.000000 2.400880
37.000000 2.526529
38.000000 2.484411
39.000000 2.498394
40.000000 2.535546
41.000000 2.517283
42.000000 2.580874
43.000000 2.578390
44.000000 2.607011
45.000000 2.625255
46.000000 2.684160
47.000000 2.752964
48.000000 2.730912
49.000000 2.782135
50.000000 2.833090
51.000000 2.861221
52.000000 2.833003
53.000000 2.780009
54.000000 2.856064
55.000000 2.862525
56.000000 2.879622
57.000000 2.864371
58.000000 2.936133
59.000000 3.014098
